#
#
#
#
#
#
#
#
#
#
matrix complex integer integer 50 20
1 1 (753 , 102)
1 3 (831 , 940)
1 11 (257)
1 14 (32)
1 17 (77 , 497)
2 3 (931 , 970)
2 4 (72 , 6)
2 8 (149 , 87)
3 1 (684 , 588)
3 2 (879 , 877)
3 3 (129 , 993)
3 10 (461)
3 14 (334 , 325)
4 9 (493 , 861)
4 10 (845 , 208)
4 14 (215 , 835)
4 15 (489)
4 19 (425 , 638)
5 4 (486 , 399)
5 8 (971 , 368)
5 10 (414 , 250)
5 16 (708 , 490)
6 1 (692)
6 7 (902 , 939)
6 11 (705 , 33)
6 13 (850)
7 2 (732 , 189)
7 16 (381)
8 1 (969 , 849)
8 10 (778)
8 13 (75 , 724)
8 16 (397)
9 1 (490 , 792)
9 4 (858 , 478)
9 7 (417)
9 11 (564 , 760)
9 19 (649 , 196)
10 2 (630 , 944)
10 11 (973 , 261)
10 12 (134)
10 14 (772 , 465)
10 17 (784 , 990)
11 12 (215)
11 15 (344)
11 18 (224 , 758)
12 12 (963 , 556)
13 2 (681 , 812)
13 5 (675 , 179)
13 6 (980 , 518)
13 15 (855 , 239)
13 16 (901 , 430)
14 5 (207 , 572)
14 6 (606 , 553)
14 7 (210 , 635)
14 9 (870 , 536)
14 10 (847)
14 13 (810)
15 3 (460 , 809)
15 4 (779 , 370)
15 9 (615)
15 10 (267 , 191)
15 19 (737 , 44)
16 4 (876 , 859)
16 12 (182)
16 17 (133 , 293)
17 1 (661)
17 10 (803 , 179)
17 11 (750 , 757)
17 12 (520 , 381)
17 13 (655 , 542)
17 18 (544)
17 19 (66 , 57)
18 1 (874 , 190)
18 6 (963)
18 7 (427)
18 8 (323)
18 16 (674 , 266)
18 18 (684)
19 8 (604)
19 9 (909 , 376)
19 10 (38)
19 11 (823 , 489)
19 13 (947)
20 2 (630 , 289)
20 6 (182 , 676)
20 8 (971 , 166)
20 10 (543 , 259)
20 15 (597 , 695)
21 3 (636 , 524)
21 4 (187 , 472)
21 8 (362 , 477)
21 12 (669 , 135)
21 14 (366 , 50)
21 16 (235)
21 17 (706)
21 18 (694 , 357)
22 4 (364 , 904)
22 11 (148 , 315)
22 18 (588)
23 5 (300)
23 7 (798 , 15)
23 17 (324 , 984)
24 1 (146 , 209)
24 3 (298)
24 15 (218 , 307)
24 19 (718 , 179)
25 2 (611)
25 4 (900)
25 11 (728)
25 13 (596)
25 18 (799)
25 19 (26 , 591)
26 2 (356 , 640)
26 3 (469 , 78)
26 8 (263 , 771)
26 18 (119)
27 1 (727 , 301)
27 5 (687 , 845)
27 13 (743 , 44)
27 14 (469 , 697)
27 17 (910 , 674)
28 4 (8 , 320)
28 5 (365 , 196)
28 10 (103 , 783)
28 14 (804 , 627)
28 16 (201)
29 7 (939 , 508)
29 8 (106 , 510)
29 14 (435 , 86)
29 18 (492 , 775)
30 3 (70)
30 7 (771 , 838)
30 12 (239)
30 13 (362 , 979)
30 17 (962)
31 2 (526)
31 4 (168)
31 7 (780 , 505)
31 10 (984 , 568)
31 11 (24 , 445)
32 9 (71)
32 11 (523 , 500)
32 15 (757 , 700)
32 17 (464)
33 1 (2)
33 2 (758 , 364)
33 12 (174 , 493)
33 15 (930 , 811)
33 16 (932 , 266)
33 18 (684 , 787)
34 1 (818 , 273)
34 3 (945 , 444)
34 6 (3 , 821)
34 13 (395 , 41)
34 14 (532)
34 18 (378 , 502)
35 8 (442 , 95)
35 15 (996 , 980)
35 16 (434)
35 17 (174)
36 3 (973 , 589)
36 4 (505)
36 5 (339 , 934)
36 7 (809 , 800)
36 8 (320 , 129)
36 11 (696)
36 14 (765 , 338)
37 1 (358)
37 2 (560 , 756)
37 6 (5)
37 16 (743 , 326)
37 17 (300)
38 8 (998 , 100)
38 11 (321)
38 12 (628)
38 17 (81)
39 6 (378 , 152)
39 19 (790 , 971)
40 4 (744)
40 5 (520 , 939)
40 8 (265 , 229)
40 11 (874 , 274)
40 13 (399 , 352)
40 17 (909 , 871)
42 1 (598 , 281)
42 4 (138)
42 11 (832 , 131)
42 12 (42)
42 18 (78 , 213)
43 2 (344 , 8)
43 6 (218 , 996)
43 10 (946 , 876)
43 12 (937 , 660)
43 18 (611 , 5)
44 7 (30 , 693)
44 12 (946 , 650)
44 17 (861)
45 6 (753 , 349)
45 7 (721)
45 13 (729 , 602)
45 15 (649 , 769)
45 17 (217 , 759)
45 18 (324)
45 19 (214 , 714)
46 2 (331 , 479)
46 6 (345 , 77)
46 7 (708 , 235)
46 8 (336)
46 10 (356 , 700)
46 12 (33)
46 17 (255 , 359)
47 2 (1 , 429)
47 4 (903 , 727)
47 9 (581 , 333)
47 10 (750 , 13)
47 12 (743 , 411)
47 13 (707 , 540)
47 17 (173 , 160)
48 5 (612)
48 7 (722)
48 19 (45 , 375)
49 4 (954 , 392)
49 9 (836)
49 18 (191 , 658)